10 3.0102739334106445
100 14.356924533843994
500 4.752289772033691
10 0.5813803672790527
100 0.9278829097747803
500 5.8188464641571045
10 0.1071927547454834
100 0.6202290058135986
500 2.8744864463806152
10 0.06728458404541016
100 0.5675356388092041
500 2.9726204872131348
10 0.10007810592651367
100 0.5882961750030518
500 2.8911824226379395
10 0.07599544525146484
100 0.6747009754180908
500 2.868030071258545
10 0.1135263442993164
100 0.5846076011657715
500 2.786728858947754
10 0.08470749855041504
100 0.634756326675415
500 2.7950456142425537
10 0.06764841079711914
100 0.7045567035675049
500 2.9698376655578613
10 0.07423877716064453
100 0.6548912525177002
500 3.079904317855835
10 0.0732123851776123
100 0.6259961128234863
500 3.005845546722412
10 0.07520198822021484
100 0.541039228439331
500 3.0244555473327637
10 0.06642985343933105
100 0.5857048034667969
500 3.155648708343506
10 0.06725907325744629
100 0.5750646591186523
500 2.996037483215332
10 0.07183575630187988
100 0.5624356269836426
500 2.9617810249328613
10 0.06606507301330566
100 0.589195966720581
500 3.0724518299102783
10 0.06924605369567871
100 0.6234409809112549
500 3.2182109355926514
10 0.03546929359436035
100 0.1974928379058838
500 0.9969594478607178
10 0.030817747116088867
100 0.21217036247253418
500 0.9719698429107666
10 0.030160188674926758
100 0.19158935546875
500 0.9852585792541504
10 0.030628204345703125
100 0.20520687103271484
500 0.9514870643615723
10 0.029541730880737305
100 0.1885390281677246
500 0.9826960563659668
10 0.031482696533203125
100 0.203200101852417
500 1.0374641418457031
10 0.03082132339477539
100 0.19407105445861816
500 1.0041346549987793
10 0.032030582427978516
100 0.19417023658752441
500 0.981931209564209
10 0.08791232109069824
100 1.0763185024261475
500 1.6101481914520264
10 0.030556678771972656
100 0.19219636917114258
500 1.0039734840393066
10 0.03003072738647461
100 0.1934189796447754
500 0.9991228580474854
10 0.030361175537109375
100 0.19538402557373047
500 1.0016233921051025
10 0.030065298080444336
100 0.2134871482849121
500 0.970447301864624
10 0.16897058486938477
100 0.29952096939086914
500 0.9776990413665771
10 0.030580997467041016
100 0.1974186897277832
500 1.0041732788085938
10 0.030860424041748047
100 0.19671106338500977
500 0.990379810333252
10 0.03132891654968262
100 0.19399023056030273
500 1.0056793689727783
10 0.08002018928527832
100 1.1098418235778809
500 1.8792245388031006
10 0.021350622177124023
100 0.19660544395446777
500 1.0123569965362549
10 0.02122974395751953
100 0.19494318962097168
500 1.0011727809906006
10 0.03160429000854492
100 0.19828510284423828
500 3.000128746032715
10 0.03130459785461426
100 0.19508957862854004
500 1.0076477527618408
10 0.030514001846313477
100 0.19445085525512695
500 0.989884614944458
10 0.04033017158508301
100 0.19821524620056152
500 1.0116779804229736
10 0.030805587768554688
100 0.1982264518737793
500 1.012403964996338
10 0.03004145622253418
100 0.2005290985107422
500 1.0002405643463135
10 0.030618906021118164
100 0.19795632362365723
500 1.0026285648345947
10 0.03063225746154785
100 0.2097024917602539
500 0.9802403450012207
10 0.031109094619750977
100 0.20064783096313477
500 1.0028855800628662
10 0.031397104263305664
100 0.19755315780639648
500 1.0032286643981934
10 0.03034806251525879
100 0.19365358352661133
500 1.0232703685760498
10 0.18099665641784668
100 0.880720853805542
500 4.21836256980896
10 0.09654736518859863
100 0.9530231952667236
500 4.319721460342407
10 2.953089952468872
100 1.0819401741027832
500 8.741265773773193
10 0.08737921714782715
100 0.9869654178619385
500 4.44692063331604
10 0.09053158760070801
100 0.9454936981201172
500 4.31673002243042
10 0.11772966384887695
100 1.155693531036377
500 4.4575769901275635
10 0.09414458274841309
100 0.9020500183105469
500 4.072060823440552
10 0.08616328239440918
100 0.979971170425415
500 4.113720417022705
10 0.17345166206359863
100 0.9370157718658447
500 4.3051698207855225
10 0.12118792533874512
100 0.9278030395507812
500 4.0382139682769775
