10 0.11164498329162598
100 1.2929315567016602
500 11.862988471984863
10 0.09593534469604492
100 0.9968676567077637
500 13.83000636100769
10 0.06217074394226074
100 0.6269781589508057
500 3.1440467834472656
10 0.06833219528198242
100 0.6237764358520508
500 3.0290420055389404
10 0.06594610214233398
100 0.610623836517334
500 2.9918758869171143
10 0.06329917907714844
100 0.6267378330230713
500 3.065338611602783
10 0.0632479190826416
100 0.6331443786621094
500 2.9924230575561523
10 0.06043434143066406
100 0.6297845840454102
500 3.0368778705596924
10 0.05725359916687012
100 0.6294615268707275
500 3.1884617805480957
10 0.06876873970031738
100 0.6527557373046875
500 3.3262736797332764
10 0.06801509857177734
100 0.6764810085296631
500 3.1408400535583496
10 0.06497645378112793
100 0.6262142658233643
500 3.9095280170440674
10 0.06950235366821289
100 0.64186692237854
500 3.05011248588562
10 0.058835744857788086
100 0.7214760780334473
500 3.205561637878418
10 0.06316900253295898
100 0.624110221862793
500 3.048546314239502
10 0.06062793731689453
100 0.6541569232940674
500 3.0886831283569336
10 0.06819438934326172
100 0.7016026973724365
500 3.179286479949951
10 0.021325111389160156
100 0.2218308448791504
500 1.0567328929901123
10 0.02195906639099121
100 0.2274942398071289
500 1.1429827213287354
10 0.022275924682617188
100 0.22655797004699707
500 1.1226224899291992
10 0.023783206939697266
100 0.23402738571166992
500 1.1792066097259521
10 0.022509336471557617
100 0.22786688804626465
500 1.1296114921569824
10 0.02444314956665039
100 0.22977995872497559
500 1.1654248237609863
10 0.024147748947143555
100 0.2305464744567871
500 1.1612412929534912
10 0.022973060607910156
100 0.22484827041625977
500 1.1490778923034668
10 0.022303104400634766
100 0.22441768646240234
500 1.139810562133789
10 0.02194690704345703
100 0.23331975936889648
500 1.1436386108398438
10 0.02582406997680664
100 0.24231600761413574
500 1.152944803237915
10 0.0268857479095459
100 0.2331230640411377
500 1.1987905502319336
10 0.024508237838745117
100 0.22725677490234375
500 1.135509967803955
10 0.024381160736083984
100 0.2288210391998291
500 1.1839962005615234
10 0.0254974365234375
100 0.22961807250976562
500 1.2393038272857666
10 0.02543187141418457
100 0.23216962814331055
500 1.1779398918151855
10 0.025736570358276367
100 0.2403876781463623
500 1.1916115283966064
10 0.024095535278320312
100 0.24553275108337402
500 1.1929616928100586
10 0.023439884185791016
100 0.2314145565032959
500 1.187852382659912
10 0.023257017135620117
100 0.23890089988708496
500 1.1836113929748535
10 0.07294893264770508
100 0.27100253105163574
500 1.1921026706695557
10 0.025513172149658203
100 0.23844170570373535
500 1.1914780139923096
10 0.02573370933532715
100 0.23520851135253906
500 1.1842947006225586
10 0.024550676345825195
100 0.2335801124572754
500 1.1890950202941895
10 0.023972272872924805
100 0.23702740669250488
500 1.178412914276123
10 0.023572683334350586
100 0.23159313201904297
500 1.1850066184997559
10 0.02362060546875
100 0.2346031665802002
500 1.1797065734863281
10 0.022882699966430664
100 0.2312932014465332
500 1.172370195388794
10 0.022636890411376953
100 0.24017715454101562
500 1.1864566802978516
10 0.022883176803588867
100 0.2452237606048584
500 1.177830457687378
10 0.027004003524780273
100 0.2402205467224121
500 1.1793591976165771
10 0.09373068809509277
100 0.879591703414917
500 4.266627311706543
10 0.09596920013427734
100 0.9068737030029297
500 4.492116689682007
10 0.10559201240539551
100 1.060035228729248
500 4.7459492683410645
10 0.08818316459655762
100 0.8728888034820557
500 4.275103330612183
10 0.0963447093963623
100 0.8908340930938721
500 4.868655443191528
10 0.08991408348083496
100 0.8706507682800293
500 4.41754150390625
10 0.09220004081726074
100 0.9438376426696777
500 4.289780139923096
10 0.09559011459350586
100 0.8750195503234863
500 4.267579078674316
10 0.09333682060241699
100 0.8830020427703857
500 4.781820058822632
10 0.10018730163574219
100 0.9321341514587402
500 5.016138553619385
