10 0.1033182144165039
100 1.2147700786590576
500 5.700957298278809
10 0.12763404846191406
100 1.074263095855713
500 11.939754247665405
10 0.06588149070739746
100 0.6630656719207764
500 3.2947745323181152
10 0.062383174896240234
100 0.6699774265289307
500 3.3358075618743896
10 0.05982804298400879
100 0.6563773155212402
500 3.8726274967193604
10 0.06197786331176758
100 0.6539595127105713
500 3.297661066055298
10 0.0641334056854248
100 0.6435093879699707
500 3.385340929031372
10 0.0724949836730957
100 0.6655228137969971
500 4.080846786499023
10 0.062196969985961914
100 0.6621673107147217
500 3.2259113788604736
10 0.06353211402893066
100 0.6472761631011963
500 3.405181884765625
10 0.05966329574584961
100 0.6492657661437988
500 3.441934585571289
10 0.060736656188964844
100 0.681114912033081
500 3.6192874908447266
10 0.07212996482849121
100 0.6918690204620361
500 3.6352360248565674
10 0.08079409599304199
100 0.6672101020812988
500 3.468295097351074
10 0.06253981590270996
100 0.6740310192108154
500 3.33255934715271
10 0.06682324409484863
100 0.6487329006195068
500 4.173624277114868
10 0.0723276138305664
100 0.7143630981445312
500 3.74835467338562
10 0.02367687225341797
100 0.24835705757141113
500 1.2316675186157227
10 0.034815311431884766
100 0.3588378429412842
500 1.694148302078247
10 0.034183502197265625
100 0.3431894779205322
500 1.6949470043182373
10 0.0364382266998291
100 0.34203195571899414
500 1.7041950225830078
10 0.03617286682128906
100 0.3479588031768799
500 1.9186069965362549
10 0.0344393253326416
100 0.35000038146972656
500 1.7030420303344727
10 0.03621983528137207
100 0.3479437828063965
500 1.6915168762207031
10 0.03425788879394531
100 0.3488893508911133
500 1.690248966217041
10 0.035124778747558594
100 0.33689355850219727
500 1.6978235244750977
10 0.034394264221191406
100 0.34567856788635254
500 1.701244592666626
10 0.03388476371765137
100 0.3407602310180664
500 1.6970281600952148
10 0.03692221641540527
100 0.34458470344543457
500 2.549926280975342
10 0.03496289253234863
100 0.3503227233886719
500 1.724287748336792
10 0.03517484664916992
100 0.35489726066589355
500 1.7192697525024414
10 0.03710007667541504
100 0.3534703254699707
500 1.7195005416870117
10 0.03859543800354004
100 0.3515450954437256
500 1.728593349456787
10 0.03442955017089844
100 0.34894394874572754
500 1.7512669563293457
10 0.035058021545410156
100 0.3466222286224365
500 1.709641695022583
10 0.03603243827819824
100 0.3515334129333496
500 1.7318873405456543
10 0.03638124465942383
100 0.34720921516418457
500 1.7154738903045654
10 0.034917354583740234
100 0.35187625885009766
500 1.7327690124511719
10 0.03538036346435547
100 0.36458659172058105
500 1.7644789218902588
10 0.03689265251159668
100 0.35402655601501465
500 1.973764419555664
10 0.036238908767700195
100 0.352949857711792
500 1.7507789134979248
10 0.0338742733001709
100 0.34888720512390137
500 1.7562956809997559
10 0.036536216735839844
100 0.35979223251342773
500 1.8040430545806885
10 0.03649401664733887
100 0.3538682460784912
500 1.7360975742340088
10 0.034119606018066406
100 0.34909653663635254
500 1.7488584518432617
10 0.03631281852722168
100 0.35550355911254883
500 1.7350177764892578
10 0.035886287689208984
100 0.3467295169830322
500 1.7030742168426514
10 0.03751635551452637
100 0.3486909866333008
500 3.3944530487060547
10 0.10089468955993652
100 1.068490743637085
500 5.300634145736694
10 0.12542438507080078
100 1.2294723987579346
500 5.414041996002197
10 0.12502598762512207
100 1.2929983139038086
500 6.0350236892700195
10 0.10538792610168457
100 1.1446704864501953
500 5.461232423782349
10 0.10682940483093262
100 1.0787904262542725
500 5.4440248012542725
10 0.11968183517456055
100 1.0831668376922607
500 5.38846492767334
10 0.10359907150268555
100 1.0501995086669922
500 5.395604372024536
10 0.10061240196228027
100 1.0144593715667725
500 5.294593572616577
10 0.11250519752502441
100 1.1026787757873535
500 5.6781227588653564
10 0.10320448875427246
100 1.105982780456543
500 5.79301643371582
