10 0.004537820816040039
100 0.043041229248046875
500 0.21046733856201172
10 0.004493236541748047
100 0.04606747627258301
500 0.21955108642578125
10 0.0045261383056640625
100 0.04210376739501953
500 0.21158194541931152
10 0.00464940071105957
100 0.04423356056213379
500 0.21492242813110352
10 0.0044956207275390625
100 0.04327535629272461
500 0.2096266746520996
10 0.004769325256347656
100 0.04319429397583008
500 0.21068572998046875
10 0.004369258880615234
100 0.042473554611206055
500 0.20906925201416016
10 0.004669904708862305
100 0.04220175743103027
500 0.2079005241394043
10 0.0045146942138671875
100 0.04252052307128906
500 0.20817303657531738
10 0.004714488983154297
100 0.0435945987701416
500 0.21208596229553223
10 0.004473209381103516
100 0.04161477088928223
500 0.22006440162658691
10 0.004400730133056641
100 0.04249453544616699
500 0.20798277854919434
10 0.004710197448730469
100 0.04275989532470703
500 0.20668244361877441
10 0.004630327224731445
100 0.04362177848815918
500 0.21152067184448242
10 0.004463672637939453
100 0.04536294937133789
500 0.21006083488464355
10 0.004682779312133789
100 0.04341268539428711
500 0.21469807624816895
10 0.0045435428619384766
100 0.04228830337524414
500 0.21402239799499512
10 0.004397153854370117
100 0.04403376579284668
500 0.21425676345825195
10 0.004787921905517578
100 0.0430455207824707
500 0.2116096019744873
10 0.004836559295654297
100 0.0433347225189209
500 0.21306824684143066
10 0.004652738571166992
100 0.0438840389251709
500 0.21207475662231445
10 0.004665851593017578
100 0.04252171516418457
500 0.2218937873840332
10 0.004923105239868164
100 0.043402671813964844
500 0.2149186134338379
10 0.004439592361450195
100 0.043711185455322266
500 0.21057510375976562
10 0.0045812129974365234
100 0.04202151298522949
500 0.21663904190063477
10 0.005651950836181641
100 0.06634950637817383
500 0.4397108554840088
10 0.0062139034271240234
100 0.06037116050720215
500 0.43160319328308105
10 0.00714564323425293
100 0.16094112396240234
500 0.4704320430755615
10 0.006695270538330078
100 0.09368324279785156
500 0.4222426414489746
10 0.005860805511474609
100 0.06032371520996094
500 0.47159814834594727
10 0.0063703060150146484
100 0.0608668327331543
500 0.4184260368347168
10 0.007984638214111328
100 0.06782269477844238
500 0.5518276691436768
10 0.007244586944580078
100 0.062085628509521484
500 0.4225270748138428
10 0.008047819137573242
100 0.0704953670501709
500 0.6308877468109131
10 0.00771784782409668
100 0.0744483470916748
500 0.41835832595825195
