10 7.05718994140625e-05
100 0.0005886554718017578
500 0.002805471420288086
10 6.413459777832031e-05
100 0.0005664825439453125
500 0.0027856826782226562
10 6.628036499023438e-05
100 0.0005755424499511719
500 0.0028238296508789062
10 8.344650268554688e-05
100 0.0005860328674316406
500 0.003067493438720703
10 7.271766662597656e-05
100 0.0005843639373779297
500 0.0030336380004882812
10 6.556510925292969e-05
100 0.0005621910095214844
500 0.0028162002563476562
10 7.939338684082031e-05
100 0.0005898475646972656
500 0.0028154850006103516
10 6.866455078125e-05
100 0.0005640983581542969
500 0.0028696060180664062
10 6.461143493652344e-05
100 0.0005636215209960938
500 0.0027856826782226562
10 6.723403930664062e-05
100 0.0005660057067871094
500 0.002790689468383789
10 6.580352783203125e-05
100 0.0005972385406494141
500 0.0030059814453125
10 7.987022399902344e-05
100 0.0006055831909179688
500 0.0028612613677978516
10 6.461143493652344e-05
100 0.0005638599395751953
500 0.0028700828552246094
10 6.771087646484375e-05
100 0.0005815029144287109
500 0.002842426300048828
10 6.914138793945312e-05
100 0.0005891323089599609
500 0.00286102294921875
10 6.771087646484375e-05
100 0.0005803108215332031
500 0.002878904342651367
10 8.654594421386719e-05
100 0.0007011890411376953
500 0.0028867721557617188
10 6.937980651855469e-05
100 0.0006356239318847656
500 0.0028078556060791016
10 6.580352783203125e-05
100 0.0005631446838378906
500 0.0028264522552490234
10 7.700920104980469e-05
100 0.0005939006805419922
500 0.0028138160705566406
10 6.818771362304688e-05
100 0.0005819797515869141
500 0.0028314590454101562
10 6.628036499023438e-05
100 0.0005910396575927734
500 0.0027806758880615234
10 6.818771362304688e-05
100 0.0005946159362792969
500 0.0028853416442871094
10 6.580352783203125e-05
100 0.00057220458984375
500 0.0028243064880371094
10 8.416175842285156e-05
100 0.0005769729614257812
500 0.002804279327392578
10 0.0001049041748046875
100 0.0008227825164794922
500 0.0034761428833007812
10 9.5367431640625e-05
100 0.0006909370422363281
500 0.0035409927368164062
10 0.0001499652862548828
100 0.0007636547088623047
500 0.003875732421875
10 0.00010347366333007812
100 0.0007278919219970703
500 0.003591299057006836
10 0.0001246929168701172
100 0.0007328987121582031
500 0.0041961669921875
10 9.179115295410156e-05
100 0.0008213520050048828
500 0.003632068634033203
10 0.0001232624053955078
100 0.0008018016815185547
500 0.0050046443939208984
10 9.560585021972656e-05
100 0.0006978511810302734
500 0.0036382675170898438
10 0.00017189979553222656
100 0.0008275508880615234
500 0.004098415374755859
10 0.0001628398895263672
100 0.0008730888366699219
500 0.003578662872314453
