10 0.0043256282806396484
100 0.04001808166503906
500 0.20457005500793457
10 0.0043506622314453125
100 0.04240727424621582
500 0.21477413177490234
10 0.0042266845703125
100 0.04212355613708496
500 0.20414257049560547
10 0.004288196563720703
100 0.04213905334472656
500 0.20532703399658203
10 0.004235267639160156
100 0.0413055419921875
500 0.2065286636352539
10 0.004273176193237305
100 0.04222726821899414
500 0.21351838111877441
10 0.004332542419433594
100 0.04110455513000488
500 0.2140793800354004
10 0.004299640655517578
100 0.041066646575927734
500 0.2088460922241211
10 0.004374980926513672
100 0.041664838790893555
500 0.20763778686523438
10 0.004414081573486328
100 0.043289899826049805
500 0.21274065971374512
10 0.004343271255493164
100 0.04240584373474121
500 0.21079206466674805
10 0.004545688629150391
100 0.042650699615478516
500 0.210829496383667
10 0.004576683044433594
100 0.04219174385070801
500 0.21056222915649414
10 0.004437685012817383
100 0.04279494285583496
500 0.2138347625732422
10 0.0045318603515625
100 0.04166269302368164
500 0.20714259147644043
10 0.0043430328369140625
100 0.0419154167175293
500 0.20620131492614746
10 0.004382610321044922
100 0.04208779335021973
500 0.21130895614624023
10 0.0046443939208984375
100 0.045274972915649414
500 0.2071819305419922
10 0.00455164909362793
100 0.04497957229614258
500 0.21466422080993652
10 0.0043299198150634766
100 0.04173135757446289
500 0.20621275901794434
10 0.00498652458190918
100 0.04206347465515137
500 0.207550048828125
10 0.004305601119995117
100 0.04183173179626465
500 0.21247315406799316
10 0.0044214725494384766
100 0.04266715049743652
500 0.21193909645080566
10 0.004429340362548828
100 0.04222989082336426
500 0.2115488052368164
10 0.004303932189941406
100 0.04187631607055664
500 0.2120070457458496
10 0.008381366729736328
100 0.05964922904968262
500 0.35753941535949707
10 0.007073879241943359
100 0.05108952522277832
500 0.26258206367492676
10 0.0060765743255615234
100 0.06767916679382324
500 0.282794713973999
10 0.006381034851074219
100 0.052816152572631836
500 0.2969939708709717
10 0.0059435367584228516
100 0.05338907241821289
500 0.284177303314209
10 0.005858182907104492
100 0.052201271057128906
500 0.2886698246002197
10 0.0055315494537353516
100 0.05385112762451172
500 0.27501916885375977
10 0.0062105655670166016
100 0.053916215896606445
500 0.30593442916870117
10 0.007482051849365234
100 0.07056784629821777
500 0.3679487705230713
10 0.00600743293762207
100 0.05651402473449707
500 0.4094245433807373
10 0.005898475646972656
100 0.05367565155029297
500 0.27986693382263184
10 0.006144523620605469
100 0.09140419960021973
500 0.2712564468383789
10 0.005688667297363281
100 0.06934618949890137
500 0.2923586368560791
10 0.009118318557739258
100 0.05472230911254883
500 0.3794131278991699
10 0.008706808090209961
100 0.05761146545410156
500 0.26871609687805176
