10 0.04336428642272949
100 0.3503725528717041
500 1.6645925045013428
10 0.04644656181335449
100 0.485776424407959
500 2.359646797180176
10 0.04769134521484375
100 0.46439361572265625
500 2.321486473083496
10 0.04106760025024414
100 0.4716157913208008
500 2.2465195655822754
10 0.05045628547668457
100 1.230146884918213
500 6.601535081863403
10 0.023947477340698242
100 0.23317599296569824
500 1.0840156078338623
10 0.022449731826782227
100 0.2513694763183594
500 1.0620458126068115
10 0.025851011276245117
100 0.29205965995788574
500 1.1394715309143066
10 0.020735740661621094
100 0.1974773406982422
500 0.9712653160095215
10 0.0199282169342041
100 0.19118356704711914
500 0.9857287406921387
10 0.019938945770263672
100 0.1876051425933838
500 1.012895107269287
10 0.01980423927307129
100 0.1929318904876709
500 0.9694828987121582
10 0.022230863571166992
100 0.1947798728942871
500 1.0204944610595703
10 0.02270030975341797
100 0.20799946784973145
500 1.008970022201538
10 0.018961668014526367
100 0.18864178657531738
500 0.9561138153076172
10 0.0293576717376709
100 0.2683699131011963
500 1.2856922149658203
10 0.020517349243164062
100 0.2003481388092041
500 1.0161442756652832
10 0.02122020721435547
100 0.19668984413146973
500 1.0150845050811768
10 0.021558284759521484
100 0.20877647399902344
500 1.046161413192749
10 0.026796340942382812
100 0.2511744499206543
500 1.1391820907592773
10 0.008899688720703125
100 0.08258843421936035
500 0.4155700206756592
10 0.010407447814941406
100 0.10238027572631836
500 0.5112543106079102
10 0.010360956192016602
100 0.1013188362121582
500 0.5145459175109863
10 0.00995182991027832
100 0.10088205337524414
500 0.5097227096557617
10 0.010519266128540039
100 0.10198760032653809
500 0.5100064277648926
10 0.010376691818237305
100 0.10172200202941895
500 1.3787648677825928
10 0.010230541229248047
100 0.10154843330383301
500 0.5105879306793213
10 0.011087894439697266
100 0.10808205604553223
500 0.5054481029510498
10 0.010020017623901367
100 0.10020613670349121
500 0.5010814666748047
10 0.010057926177978516
100 0.10045003890991211
500 0.5090844631195068
10 0.010582685470581055
100 0.10166454315185547
500 0.5137679576873779
10 0.010241508483886719
100 0.10072135925292969
500 0.5112283229827881
10 0.010279178619384766
100 0.10146164894104004
500 0.5178163051605225
10 0.010057210922241211
100 0.10082125663757324
500 0.5066218376159668
10 0.01015925407409668
100 0.10214710235595703
500 0.5226800441741943
10 0.011147260665893555
100 0.10602140426635742
500 0.532665491104126
10 0.010535001754760742
100 0.10257291793823242
500 0.5170295238494873
10 0.01049041748046875
100 0.1032259464263916
500 0.5217504501342773
10 0.01048731803894043
100 0.10984373092651367
500 0.5237493515014648
10 0.010959148406982422
100 0.10503268241882324
500 0.5168609619140625
10 0.010873794555664062
100 0.10491633415222168
500 0.5351600646972656
10 0.011132955551147461
100 0.10276579856872559
500 0.5135464668273926
10 0.01022958755493164
100 0.1018378734588623
500 0.508967399597168
10 0.010440349578857422
100 0.1029503345489502
500 0.5237555503845215
10 0.010195255279541016
100 0.10133576393127441
500 0.5109095573425293
10 0.01069331169128418
100 0.10250258445739746
500 0.5172023773193359
10 0.010270833969116211
100 0.10347437858581543
500 0.5238039493560791
10 0.010268926620483398
100 0.10367369651794434
500 0.5227334499359131
10 0.010138273239135742
100 0.1026604175567627
500 0.5128860473632812
10 0.010795354843139648
100 0.10607385635375977
500 0.5179569721221924
10 0.01020669937133789
100 0.10204195976257324
500 0.521284818649292
10 0.010547876358032227
100 0.10472869873046875
500 0.5229623317718506
10 0.024033308029174805
100 0.24683380126953125
500 1.2023978233337402
10 0.025620698928833008
100 0.2359790802001953
500 1.1470868587493896
10 0.02436351776123047
100 0.24411463737487793
500 1.255382776260376
10 0.02475881576538086
100 0.25899386405944824
500 1.2273139953613281
10 0.024626970291137695
100 0.33978962898254395
500 1.1832029819488525
10 0.024933815002441406
100 0.24141430854797363
500 1.1761493682861328
10 0.02916121482849121
100 0.27187681198120117
500 1.2861847877502441
10 0.028888225555419922
100 0.27252888679504395
500 1.4208474159240723
10 0.026267528533935547
100 0.26555848121643066
500 1.3253068923950195
10 0.025815963745117188
100 0.24684810638427734
500 1.1827917098999023
10 0.02308344841003418
100 0.2380526065826416
500 1.1833233833312988
10 0.02688312530517578
100 0.29019880294799805
500 1.2520489692687988
10 0.02431774139404297
100 0.23621916770935059
500 1.245718240737915
10 0.026723623275756836
100 0.24303007125854492
500 1.2016215324401855
10 0.02767801284790039
100 0.2742269039154053
500 1.314589500427246
