10 6.365776062011719e-05
100 0.0005724430084228516
500 0.002837657928466797
10 6.580352783203125e-05
100 0.0005745887756347656
500 0.002941131591796875
10 6.723403930664062e-05
100 0.0005974769592285156
500 0.0028562545776367188
10 6.914138793945312e-05
100 0.0005726814270019531
500 0.002816438674926758
10 6.771087646484375e-05
100 0.0005779266357421875
500 0.0028886795043945312
10 6.580352783203125e-05
100 0.0007035732269287109
500 0.0028319358825683594
10 6.937980651855469e-05
100 0.0005953311920166016
500 0.002881765365600586
10 6.651878356933594e-05
100 0.0005998611450195312
500 0.0030014514923095703
10 6.580352783203125e-05
100 0.0005857944488525391
500 0.0028486251831054688
10 6.937980651855469e-05
100 0.0005936622619628906
500 0.002840280532836914
10 6.580352783203125e-05
100 0.0005655288696289062
500 0.0027730464935302734
10 6.985664367675781e-05
100 0.000583648681640625
500 0.002838611602783203
10 6.556510925292969e-05
100 0.0005936622619628906
500 0.0028841495513916016
10 6.532669067382812e-05
100 0.0006067752838134766
500 0.002933502197265625
10 6.604194641113281e-05
100 0.0005681514739990234
500 0.0028052330017089844
10 6.532669067382812e-05
100 0.0005748271942138672
500 0.0028667449951171875
10 6.604194641113281e-05
100 0.0005984306335449219
500 0.0028235912322998047
10 6.699562072753906e-05
100 0.0005736351013183594
500 0.0028679370880126953
10 6.747245788574219e-05
100 0.0005624294281005859
500 0.0028574466705322266
10 6.532669067382812e-05
100 0.0005810260772705078
500 0.0028357505798339844
10 6.747245788574219e-05
100 0.000576019287109375
500 0.002810239791870117
10 7.081031799316406e-05
100 0.0005841255187988281
500 0.002882719039916992
10 6.604194641113281e-05
100 0.0005750656127929688
500 0.0028858184814453125
10 6.747245788574219e-05
100 0.0005831718444824219
500 0.0028619766235351562
10 6.699562072753906e-05
100 0.0005655288696289062
500 0.0028371810913085938
10 7.939338684082031e-05
100 0.0006721019744873047
500 0.0037364959716796875
10 8.130073547363281e-05
100 0.0006737709045410156
500 0.003650188446044922
10 0.00011920928955078125
100 0.0008585453033447266
500 0.003923892974853516
10 0.00010395050048828125
100 0.0010182857513427734
500 0.0032835006713867188
10 8.320808410644531e-05
100 0.0006792545318603516
500 0.003355741500854492
10 8.606910705566406e-05
100 0.000682830810546875
500 0.0033915042877197266
10 7.62939453125e-05
100 0.0008213520050048828
500 0.003468751907348633
10 7.414817810058594e-05
100 0.0010139942169189453
500 0.0044863224029541016
10 7.963180541992188e-05
100 0.0007050037384033203
500 0.003454446792602539
10 8.702278137207031e-05
100 0.0008366107940673828
500 0.004469633102416992
10 8.535385131835938e-05
100 0.0006949901580810547
500 0.0034329891204833984
10 8.869171142578125e-05
100 0.0008053779602050781
500 0.003369569778442383
10 9.131431579589844e-05
100 0.0007808208465576172
500 0.0034360885620117188
10 9.608268737792969e-05
100 0.0007138252258300781
500 0.00423121452331543
10 8.7738037109375e-05
100 0.0007359981536865234
500 0.003559589385986328
