10 0.04915928840637207
100 1.380859136581421
500 2.941370725631714
10 0.057869911193847656
100 0.5856673717498779
500 2.850217580795288
10 0.05581474304199219
100 0.5684607028961182
500 2.8105204105377197
10 0.054848432540893555
100 0.5260124206542969
500 2.7747836112976074
10 0.06232452392578125
100 0.7449238300323486
500 2.767752170562744
10 0.020132064819335938
100 0.21943998336791992
500 1.0538439750671387
10 0.022106409072875977
100 0.2176215648651123
500 1.2152302265167236
10 0.02097487449645996
100 0.2091078758239746
500 1.057934045791626
10 0.020777463912963867
100 0.21221613883972168
500 1.0568187236785889
10 0.020474910736083984
100 0.20673656463623047
500 1.0445528030395508
10 0.02025747299194336
100 0.2186129093170166
500 1.0399110317230225
10 0.024817943572998047
100 0.2108445167541504
500 1.18367600440979
10 0.02035665512084961
100 0.2191476821899414
500 1.0411508083343506
10 0.02060532569885254
100 0.20884299278259277
500 1.041271686553955
10 0.021335124969482422
100 0.19914889335632324
500 1.076007604598999
10 0.02658820152282715
100 0.35960936546325684
500 2.2191052436828613
10 0.02219700813293457
100 0.21135735511779785
500 1.119596004486084
10 0.020847320556640625
100 0.20350289344787598
500 1.0647766590118408
10 0.020547151565551758
100 0.22870421409606934
500 1.1033616065979004
10 0.022272348403930664
100 0.22675228118896484
500 1.3144469261169434
10 0.009803295135498047
100 0.09659028053283691
500 0.49234867095947266
10 0.019888877868652344
100 0.2024075984954834
500 0.9916014671325684
10 0.020142555236816406
100 0.21189069747924805
500 1.0040664672851562
10 0.02093791961669922
100 0.19733524322509766
500 0.9972586631774902
10 0.019660472869873047
100 0.19765758514404297
500 0.9961144924163818
10 0.0339508056640625
100 0.3430790901184082
500 1.1361477375030518
10 0.021075725555419922
100 0.20256328582763672
500 0.9944579601287842
10 0.019417762756347656
100 0.2026066780090332
500 0.9897406101226807
10 0.01966261863708496
100 0.19974255561828613
500 0.9909470081329346
10 0.020131826400756836
100 0.20000195503234863
500 0.9897205829620361
10 0.021230459213256836
100 0.19634079933166504
500 1.0120694637298584
10 0.01962757110595703
100 0.20348358154296875
500 0.9966609477996826
10 0.021054506301879883
100 0.205765962600708
500 1.024989128112793
10 0.020174264907836914
100 0.19646692276000977
500 1.0050852298736572
10 0.019838809967041016
100 0.20035481452941895
500 1.032442331314087
10 0.01966404914855957
100 0.19971179962158203
500 0.9925844669342041
10 0.020360708236694336
100 0.20790815353393555
500 1.0385494232177734
10 0.01984572410583496
100 0.19864511489868164
500 1.0322539806365967
10 0.019827842712402344
100 0.20017290115356445
500 1.0192499160766602
10 0.019700288772583008
100 0.19828104972839355
500 1.003464698791504
10 0.0202181339263916
100 0.2068943977355957
500 1.0214250087738037
10 0.020639657974243164
100 0.20999574661254883
500 1.0224473476409912
10 0.02010035514831543
100 0.20313453674316406
500 1.0376391410827637
10 0.020484209060668945
100 0.20348715782165527
500 1.020402193069458
10 0.020145654678344727
100 0.19920659065246582
500 0.9976089000701904
10 0.0197751522064209
100 0.19998812675476074
500 1.0197405815124512
10 0.02013111114501953
100 0.19994068145751953
500 1.01759934425354
10 0.0200192928314209
100 0.20302057266235352
500 1.0111260414123535
10 0.01972651481628418
100 0.2002885341644287
500 1.0041871070861816
10 0.02001786231994629
100 0.2011582851409912
500 1.0158729553222656
10 0.02010965347290039
100 0.20339560508728027
500 1.0179340839385986
10 0.0202486515045166
100 0.1999053955078125
500 1.0325167179107666
10 0.006372928619384766
100 0.059560298919677734
500 0.28461766242980957
10 0.006132602691650391
100 0.056351423263549805
500 0.28281354904174805
10 0.007237434387207031
100 0.059485673904418945
500 0.31701111793518066
10 0.047693729400634766
100 0.46466946601867676
500 2.7153053283691406
10 0.04467368125915527
100 0.44126081466674805
500 2.26155424118042
10 0.04390692710876465
100 0.43850159645080566
500 2.245713710784912
10 0.05864715576171875
100 0.4691009521484375
500 2.2252285480499268
10 0.0731351375579834
100 0.6892430782318115
500 2.6861376762390137
10 0.052298545837402344
100 0.5255155563354492
500 2.7347609996795654
10 0.044718027114868164
100 0.5510272979736328
500 3.4138903617858887
10 0.045598745346069336
100 0.46062254905700684
500 2.24554181098938
10 0.04932975769042969
100 0.44478464126586914
500 2.38706636428833
10 0.04987072944641113
100 0.47356152534484863
500 2.4028022289276123
10 0.04790067672729492
100 0.4689900875091553
500 2.3754148483276367
10 0.04381513595581055
100 0.5054423809051514
500 2.8398609161376953
