10 0.17420101165771484
100 0.3496363162994385
500 4.022376298904419
10 0.05598139762878418
100 0.443709135055542
500 2.0687594413757324
10 0.05828595161437988
100 0.41463708877563477
500 2.129120111465454
10 0.05746316909790039
100 0.4083371162414551
500 2.1404778957366943
10 0.05340099334716797
100 5.343222141265869
500 21.080826997756958
10 0.02763819694519043
100 0.21567273139953613
500 1.0413832664489746
10 0.02792191505432129
100 0.18574285507202148
500 0.917647123336792
10 0.0363771915435791
100 0.18626189231872559
500 1.1094965934753418
10 0.03738117218017578
100 0.1701500415802002
500 0.9203989505767822
10 0.030900239944458008
100 0.17464447021484375
500 0.8474431037902832
10 0.03320050239562988
100 0.17515301704406738
500 0.849224328994751
10 0.036881208419799805
100 0.1907811164855957
500 0.8488414287567139
10 0.03976178169250488
100 0.19741249084472656
500 0.8556475639343262
10 0.036156654357910156
100 0.1753993034362793
500 0.8788552284240723
10 0.03477668762207031
100 0.16799068450927734
500 0.8264896869659424
10 0.033113718032836914
100 0.22592711448669434
500 1.167248249053955
10 0.02808666229248047
100 0.17653417587280273
500 0.8947658538818359
10 0.03283858299255371
100 0.16941142082214355
500 0.8425912857055664
10 0.029326438903808594
100 0.17668366432189941
500 0.892662525177002
10 0.0336301326751709
100 0.1983470916748047
500 1.070624589920044
10 0.021991491317749023
100 0.07281160354614258
500 0.3589494228363037
10 0.016817092895507812
100 0.06621670722961426
500 0.33533477783203125
10 0.016774415969848633
100 0.06813383102416992
500 0.3404548168182373
10 0.016602277755737305
100 0.06801533699035645
500 0.3325467109680176
10 0.007470369338989258
100 0.06789708137512207
500 0.33760643005371094
10 0.01653742790222168
100 0.06818938255310059
500 0.3364908695220947
10 0.01639556884765625
100 0.06681704521179199
500 0.33412623405456543
10 0.016288042068481445
100 0.06563019752502441
500 0.3371891975402832
10 0.016779422760009766
100 0.0654454231262207
500 0.33553075790405273
10 0.0074634552001953125
100 0.06572699546813965
500 0.3417532444000244
10 0.0170438289642334
100 0.06719231605529785
500 0.34023213386535645
10 0.01719975471496582
100 0.0671241283416748
500 0.33409643173217773
10 0.007502079010009766
100 0.06653833389282227
500 0.3338038921356201
10 0.007206439971923828
100 0.06573057174682617
500 0.3285853862762451
10 0.007215976715087891
100 0.06788897514343262
500 0.3429713249206543
10 0.016669511795043945
100 0.06466150283813477
500 0.3308892250061035
10 0.017040014266967773
100 0.07353734970092773
500 0.3441903591156006
10 0.017011642456054688
100 0.06903719902038574
500 0.33932018280029297
10 0.007097959518432617
100 0.06854724884033203
500 0.34418821334838867
10 0.01684880256652832
100 0.06706523895263672
500 0.340623140335083
10 0.01710653305053711
100 0.0767815113067627
500 0.35433030128479004
10 0.016597747802734375
100 0.06751036643981934
500 0.3407893180847168
10 0.0166471004486084
100 0.06734752655029297
500 0.34998488426208496
10 0.016226768493652344
100 0.06598806381225586
500 0.33814501762390137
10 0.007086515426635742
100 0.06690478324890137
500 0.3500659465789795
10 0.007379770278930664
100 0.06882929801940918
500 0.3390195369720459
10 0.007349252700805664
100 0.06801128387451172
500 0.3420548439025879
10 0.017292022705078125
100 0.06853413581848145
500 0.3428013324737549
10 0.01641368865966797
100 0.06783366203308105
500 0.3377532958984375
10 0.014094114303588867
100 0.06876325607299805
500 0.3466916084289551
10 0.01646876335144043
100 0.06768560409545898
500 0.34175872802734375
10 0.007434844970703125
100 0.06925392150878906
500 0.34163880348205566
10 0.02697896957397461
100 0.2145240306854248
500 1.0725407600402832
10 0.024639368057250977
100 0.22457122802734375
500 1.1140546798706055
10 0.03366494178771973
100 0.21833515167236328
500 1.102686882019043
10 0.02815532684326172
100 0.25127315521240234
500 1.101271629333496
10 0.020411014556884766
100 0.20354652404785156
500 1.2037508487701416
10 0.9291901588439941
100 1.5395581722259521
500 1.3198509216308594
10 0.024744510650634766
100 0.22232890129089355
500 1.0807528495788574
10 0.028926610946655273
100 0.2457108497619629
500 1.0754585266113281
10 0.0300600528717041
100 0.24235010147094727
500 1.144439458847046
10 0.020279645919799805
100 0.21046805381774902
500 1.0754241943359375
10 0.03392815589904785
100 0.22141695022583008
500 1.065643548965454
10 0.03088092803955078
100 0.2890510559082031
500 1.3190996646881104
10 0.023092031478881836
100 0.2545735836029053
500 1.267542839050293
10 0.02379155158996582
100 0.23281359672546387
500 1.205871343612671
10 0.02638864517211914
100 0.22528862953186035
500 1.0980415344238281
10 0.029372692108154297
100 0.22934317588806152
500 1.1260929107666016
10 0.025078535079956055
100 0.22461724281311035
500 1.1820673942565918
10 0.022137880325317383
100 0.2228987216949463
500 1.1221611499786377
10 0.027106046676635742
100 0.23342180252075195
500 1.1234540939331055
10 0.025443315505981445
100 0.20844268798828125
500 1.1428260803222656
