10 0.1492774486541748
100 1.2683560848236084
500 10.314043045043945
10 0.13421034812927246
100 1.1416761875152588
500 14.567649126052856
10 0.14586329460144043
100 1.03049635887146
500 5.688694953918457
10 2.810913562774658
100 1.4205217361450195
500 6.119798421859741
10 0.2811739444732666
100 0.9963634014129639
500 14.102158546447754
10 0.06424713134765625
100 0.5825519561767578
500 2.8879199028015137
10 0.06872057914733887
100 0.6178538799285889
500 2.932121515274048
10 0.0689094066619873
100 0.5920975208282471
500 2.9395523071289062
10 0.06858348846435547
100 0.5875635147094727
500 2.9329593181610107
10 0.07344913482666016
100 0.5817875862121582
500 2.8899455070495605
10 0.07427000999450684
100 0.5787363052368164
500 2.91814923286438
10 0.07431864738464355
100 0.5886826515197754
500 2.892495632171631
10 0.07646369934082031
100 0.6645205020904541
500 3.3158185482025146
10 0.07059645652770996
100 0.6371850967407227
500 3.348012685775757
10 0.06631875038146973
100 0.5807929039001465
500 2.9444689750671387
10 0.0676109790802002
100 0.582726240158081
500 2.9569830894470215
10 0.06938838958740234
100 0.6044597625732422
500 3.0675888061523438
10 0.07007431983947754
100 2.1806623935699463
500 2.939189910888672
10 0.0663609504699707
100 0.5954978466033936
500 3.019653081893921
10 1.4580745697021484
100 2.3083925247192383
500 3.147852659225464
10 0.032909393310546875
100 0.2080695629119873
500 1.0544424057006836
10 0.030535459518432617
100 0.20777320861816406
500 1.0474967956542969
10 0.029941558837890625
100 0.20417141914367676
500 1.0462872982025146
10 0.022218704223632812
100 0.20641040802001953
500 2.8581130504608154
10 0.030040979385375977
100 0.20753264427185059
500 1.0386877059936523
10 0.0313723087310791
100 0.20710968971252441
500 3.163562774658203
10 0.030918598175048828
100 0.20809006690979004
500 1.0442137718200684
10 0.030263662338256836
100 0.20566725730895996
500 1.042508840560913
10 0.031045198440551758
100 0.2113330364227295
500 1.0513250827789307
10 0.030534982681274414
100 0.20466208457946777
500 1.0491244792938232
10 0.031214237213134766
100 0.20906352996826172
500 1.0644378662109375
10 0.029798030853271484
100 0.21135687828063965
500 1.0640225410461426
10 0.03074479103088379
100 0.211378812789917
500 1.0570690631866455
10 0.03056955337524414
100 0.21118712425231934
500 1.0640792846679688
10 0.031285762786865234
100 0.21085810661315918
500 1.062882423400879
10 0.03170204162597656
100 0.21797919273376465
500 1.070244312286377
10 0.03133225440979004
100 0.21070098876953125
500 1.058624267578125
10 0.030710697174072266
100 0.21509051322937012
500 1.0914571285247803
10 0.03170132637023926
100 0.21525263786315918
500 1.0804729461669922
10 0.03151750564575195
100 0.21186494827270508
500 1.0644614696502686
10 0.03044724464416504
100 0.2123568058013916
500 1.077331781387329
10 0.03155684471130371
100 0.21805882453918457
500 1.061946153640747
10 0.0310976505279541
100 0.21024584770202637
500 1.0543591976165771
10 0.030671119689941406
100 0.20821380615234375
500 1.040330171585083
10 0.02142047882080078
100 0.2075357437133789
500 1.0508275032043457
10 0.03087139129638672
100 0.21004891395568848
500 1.0672922134399414
10 0.03125739097595215
100 0.2105095386505127
500 1.0713279247283936
10 0.030159473419189453
100 0.21094012260437012
500 1.058243989944458
10 0.031177997589111328
100 0.21126604080200195
500 1.0591261386871338
10 0.0312197208404541
100 0.20911502838134766
500 1.0533370971679688
10 0.03084278106689453
100 0.2140045166015625
500 1.0809202194213867
10 0.11244797706604004
100 0.8059020042419434
500 3.970541477203369
10 0.0934138298034668
100 0.8726649284362793
500 3.969787120819092
10 1.049241304397583
100 0.8358900547027588
500 7.663196563720703
10 0.08380365371704102
100 0.8051555156707764
500 4.035309076309204
10 0.10180497169494629
100 0.8453686237335205
500 3.9761977195739746
10 0.08045482635498047
100 0.8136963844299316
500 3.9593958854675293
10 0.08263087272644043
100 0.7893679141998291
500 4.109985113143921
10 0.08699631690979004
100 0.8120343685150146
500 4.054773569107056
10 0.10483145713806152
100 0.817969799041748
500 3.9528138637542725
10 0.1157686710357666
100 1.0065245628356934
500 4.25394868850708
10 0.1020970344543457
100 0.8929095268249512
500 3.974120855331421
10 0.08873295783996582
100 0.8150410652160645
500 4.022645950317383
10 0.0780479907989502
100 0.8177213668823242
500 3.9927589893341064
10 0.0882253646850586
100 1.086867332458496
500 4.113118886947632
10 0.08584475517272949
100 0.8637034893035889
500 4.02580714225769
10 0.08231997489929199
100 0.8068821430206299
500 4.1003594398498535
10 0.08014941215515137
100 0.8071062564849854
500 4.630216121673584
10 0.08074116706848145
100 0.8426029682159424
500 4.021176338195801
