10 0.13591599464416504
100 1.3403172492980957
500 8.116171598434448
10 0.0869441032409668
100 1.3513789176940918
500 6.461262226104736
10 0.13976049423217773
100 1.4302937984466553
500 6.270264625549316
10 0.1109776496887207
100 1.3008811473846436
500 5.9520103931427
10 0.10551881790161133
100 1.259737491607666
500 13.801431894302368
10 0.06469106674194336
100 0.5907487869262695
500 3.129023551940918
10 0.06007218360900879
100 0.6052968502044678
500 2.966566324234009
10 0.05877184867858887
100 0.6412444114685059
500 2.9884886741638184
10 0.05871844291687012
100 0.5994670391082764
500 2.993987560272217
10 0.05923914909362793
100 0.5964112281799316
500 2.984783887863159
10 0.05774664878845215
100 0.5953965187072754
500 3.023603677749634
10 0.05901956558227539
100 0.6029114723205566
500 3.032388210296631
10 0.06174731254577637
100 0.6529128551483154
500 5.02267599105835
10 0.06407523155212402
100 0.7117888927459717
500 5.525061845779419
10 0.05994558334350586
100 0.6338441371917725
500 3.0382180213928223
10 0.05923891067504883
100 0.5944974422454834
500 3.194204807281494
10 0.060274362564086914
100 0.6100127696990967
500 3.037621021270752
10 0.0643010139465332
100 0.5921947956085205
500 3.0260813236236572
10 0.060105323791503906
100 3.893663167953491
500 3.0968334674835205
10 0.06277036666870117
100 0.6416988372802734
500 3.30446195602417
10 0.02317976951599121
100 0.22206544876098633
500 1.1087329387664795
10 0.023403167724609375
100 0.23406624794006348
500 1.1760749816894531
10 0.02310466766357422
100 0.2322096824645996
500 1.1537885665893555
10 0.08487963676452637
100 0.40865182876586914
500 1.7125251293182373
10 0.02355504035949707
100 0.23276305198669434
500 1.1836411952972412
10 0.033158302307128906
100 0.22928309440612793
500 1.1555705070495605
10 0.02302265167236328
100 0.22993135452270508
500 1.1543254852294922
10 0.02298736572265625
100 0.22849392890930176
500 2.223832607269287
10 0.023266077041625977
100 0.23611116409301758
500 1.9093406200408936
10 0.023587703704833984
100 0.2344202995300293
500 1.165741205215454
10 0.0238645076751709
100 0.24074006080627441
500 1.1704776287078857
10 0.024211645126342773
100 0.23421144485473633
500 1.172149658203125
10 0.023925304412841797
100 0.23417234420776367
500 1.1903152465820312
10 0.023726940155029297
100 0.24169349670410156
500 1.1850934028625488
10 0.02366471290588379
100 0.2378830909729004
500 1.178635597229004
10 0.023702144622802734
100 0.23879361152648926
500 1.1847670078277588
10 0.026981830596923828
100 0.24387264251708984
500 1.1810204982757568
10 0.02478337287902832
100 0.24000954627990723
500 1.1943566799163818
10 0.028249263763427734
100 0.2383873462677002
500 1.1962144374847412
10 0.028469324111938477
100 0.23723530769348145
500 1.190276861190796
10 0.02436208724975586
100 0.23769927024841309
500 1.188706398010254
10 0.024631261825561523
100 0.23982763290405273
500 3.1069252490997314
10 0.023278236389160156
100 0.23222112655639648
500 1.1767196655273438
10 0.02363300323486328
100 0.24251723289489746
500 1.1770095825195312
10 0.02421092987060547
100 0.23482847213745117
500 3.1330666542053223
10 0.024045944213867188
100 0.23906207084655762
500 3.2757043838500977
10 0.023578166961669922
100 0.2373189926147461
500 1.1835615634918213
10 0.023620128631591797
100 0.23319292068481445
500 1.1686184406280518
10 0.023632526397705078
100 0.2343275547027588
500 1.1800062656402588
10 0.025066614151000977
100 0.23539161682128906
500 3.1631040573120117
10 0.023961782455444336
100 0.23767590522766113
500 1.1815085411071777
10 0.07663130760192871
100 0.7793765068054199
500 4.027639150619507
10 0.08084678649902344
100 0.8323702812194824
500 4.006743431091309
10 0.09527993202209473
100 0.831186056137085
500 4.111598014831543
10 0.09505939483642578
100 0.9444770812988281
500 4.284821271896362
10 0.09304022789001465
100 0.8087491989135742
500 3.9795522689819336
10 0.07750678062438965
100 0.8186321258544922
500 4.062236547470093
10 0.07894086837768555
100 0.8667595386505127
500 3.996551275253296
10 0.07693743705749512
100 0.7865676879882812
500 3.951714515686035
10 0.08212590217590332
100 0.9726831912994385
500 4.383075952529907
10 0.08016848564147949
100 0.7915990352630615
500 4.169128894805908
10 0.07783770561218262
100 0.7699236869812012
500 4.296242713928223
10 0.07974624633789062
100 0.7735052108764648
500 3.9460644721984863
10 0.08177042007446289
100 0.7967979907989502
500 4.138025283813477
10 0.07920265197753906
100 0.8012509346008301
500 4.074831485748291
10 0.0771336555480957
100 0.8018839359283447
500 4.226522445678711
