10 6.628036499023438e-05
100 0.0005745887756347656
500 0.0028638839721679688
10 6.651878356933594e-05
100 0.0005676746368408203
500 0.002849102020263672
10 6.961822509765625e-05
100 0.0005795955657958984
500 0.003035306930541992
10 6.794929504394531e-05
100 0.0005934238433837891
500 0.002869844436645508
10 6.651878356933594e-05
100 0.0005710124969482422
500 0.002797365188598633
10 6.818771362304688e-05
100 0.0005986690521240234
500 0.002809762954711914
10 6.651878356933594e-05
100 0.0005645751953125
500 0.002817869186401367
10 9.274482727050781e-05
100 0.0005850791931152344
500 0.0028700828552246094
10 6.961822509765625e-05
100 0.0005662441253662109
500 0.0027923583984375
10 6.771087646484375e-05
100 0.0006139278411865234
500 0.002910614013671875
10 8.082389831542969e-05
100 0.0005953311920166016
500 0.002847433090209961
10 6.914138793945312e-05
100 0.0005755424499511719
500 0.0028264522552490234
10 6.842613220214844e-05
100 0.0005791187286376953
500 0.002918243408203125
10 6.842613220214844e-05
100 0.0005633831024169922
500 0.0028104782104492188
10 6.985664367675781e-05
100 0.000621795654296875
500 0.002877950668334961
10 6.747245788574219e-05
100 0.0005891323089599609
500 0.002838611602783203
10 6.914138793945312e-05
100 0.0005762577056884766
500 0.002833127975463867
10 6.794929504394531e-05
100 0.0005865097045898438
500 0.002841949462890625
10 6.628036499023438e-05
100 0.0005648136138916016
500 0.0027608871459960938
10 6.747245788574219e-05
100 0.0005793571472167969
500 0.0028095245361328125
10 6.842613220214844e-05
100 0.0005624294281005859
500 0.0028264522552490234
10 6.771087646484375e-05
100 0.0005750656127929688
500 0.0029468536376953125
10 7.224082946777344e-05
100 0.0006151199340820312
500 0.002966642379760742
10 8.249282836914062e-05
100 0.0005888938903808594
500 0.0029976367950439453
10 0.00035572052001953125
100 0.0006883144378662109
500 0.0030934810638427734
10 9.417533874511719e-05
100 0.0007076263427734375
500 0.003401517868041992
10 0.00013589859008789062
100 0.0007688999176025391
500 0.0068051815032958984
10 9.322166442871094e-05
100 0.0007092952728271484
500 0.007554292678833008
10 0.00013327598571777344
100 0.0006844997406005859
500 0.0037169456481933594
10 9.775161743164062e-05
100 0.0009441375732421875
500 0.003417491912841797
10 8.034706115722656e-05
100 0.0008587837219238281
500 0.0045871734619140625
10 0.0001239776611328125
100 0.0007891654968261719
500 0.004267692565917969
10 9.083747863769531e-05
100 0.0013303756713867188
500 0.004030466079711914
10 9.584426879882812e-05
100 0.0007266998291015625
500 0.0036699771881103516
10 0.00017881393432617188
100 0.0009851455688476562
500 0.004275321960449219
10 9.655952453613281e-05
100 0.0007338523864746094
500 0.004276275634765625
10 9.822845458984375e-05
100 0.0007200241088867188
500 0.0042836666107177734
10 9.632110595703125e-05
100 0.0007066726684570312
500 0.003400564193725586
10 9.465217590332031e-05
100 0.0007765293121337891
500 0.003542661666870117
10 0.00013780593872070312
100 0.0009839534759521484
500 0.005696773529052734
