10 0.003135204315185547
100 0.028261661529541016
500 0.14121747016906738
10 0.0031096935272216797
100 0.02751612663269043
500 0.13808250427246094
10 0.003106832504272461
100 0.028948068618774414
500 0.1423497200012207
10 0.0031232833862304688
100 0.028298616409301758
500 0.13987112045288086
10 0.003151416778564453
100 0.028940439224243164
500 0.1381855010986328
10 0.0029942989349365234
100 0.02726149559020996
500 0.1375119686126709
10 0.003120899200439453
100 0.028277873992919922
500 0.13829302787780762
10 0.0029964447021484375
100 0.02747797966003418
500 0.14013051986694336
10 0.0032417774200439453
100 0.028149127960205078
500 0.13948822021484375
10 0.003114461898803711
100 0.028821945190429688
500 0.14313721656799316
10 0.003110170364379883
100 0.02880096435546875
500 0.14098238945007324
10 0.003006458282470703
100 0.0284574031829834
500 0.13765740394592285
10 0.0033555030822753906
100 0.027728796005249023
500 0.1394212245941162
10 0.0032186508178710938
100 0.02916121482849121
500 0.1432511806488037
10 0.0031287670135498047
100 0.027945756912231445
500 0.14475226402282715
10 0.003135204315185547
100 0.028290271759033203
500 0.1422264575958252
10 0.0030694007873535156
100 0.02782154083251953
500 0.14273428916931152
10 0.003433704376220703
100 0.02847576141357422
500 0.13926959037780762
10 0.0030944347381591797
100 0.02861952781677246
500 0.13736605644226074
10 0.0031049251556396484
100 0.029001951217651367
500 0.14104175567626953
10 0.0036225318908691406
100 0.02884078025817871
500 0.1376814842224121
10 0.003188610076904297
100 0.027782917022705078
500 0.14448261260986328
10 0.0031239986419677734
100 0.028023481369018555
500 0.14139080047607422
10 0.0031032562255859375
100 0.028128623962402344
500 0.1428515911102295
10 0.0031778812408447266
100 0.027994155883789062
500 0.1504225730895996
10 0.004457950592041016
100 0.03916788101196289
500 0.2481992244720459
10 0.006899118423461914
100 0.06325149536132812
500 0.2311544418334961
10 0.00444483757019043
100 0.03983354568481445
500 0.21608996391296387
10 0.004351615905761719
100 0.03969216346740723
500 0.2371842861175537
10 0.004327535629272461
100 0.0400543212890625
500 0.21193265914916992
10 0.004469871520996094
100 0.03975987434387207
500 0.21857881546020508
10 0.004372358322143555
100 0.0464177131652832
500 0.24670124053955078
10 0.004139423370361328
100 0.03948259353637695
500 0.21363615989685059
10 0.00412750244140625
100 0.03977465629577637
500 0.21381354331970215
10 0.004533529281616211
100 0.053347110748291016
500 0.24618101119995117
10 0.004257678985595703
100 0.04472184181213379
500 0.22632622718811035
10 0.00477147102355957
100 0.04229879379272461
500 0.2271430492401123
10 0.004431247711181641
100 0.04895663261413574
500 0.2981119155883789
10 0.004547595977783203
100 0.0441281795501709
500 0.23279738426208496
10 0.017063140869140625
100 0.04788064956665039
500 0.24625158309936523
