10 0.12485194206237793
100 1.4162335395812988
500 8.44099736213684
10 0.12505173683166504
100 1.261612892150879
500 8.36557412147522
10 0.1247706413269043
100 0.9857773780822754
500 13.903443336486816
10 0.14332818984985352
100 1.2125847339630127
500 6.561954498291016
10 0.12575531005859375
100 1.2980914115905762
500 11.071647644042969
10 0.05874991416931152
100 0.6333575248718262
500 3.1340529918670654
10 0.058888912200927734
100 0.6102361679077148
500 3.0327486991882324
10 0.07082200050354004
100 0.6061670780181885
500 3.0423424243927
10 0.06614804267883301
100 0.5953583717346191
500 2.999473810195923
10 0.059795379638671875
100 0.626894474029541
500 3.0094566345214844
10 0.059564828872680664
100 0.6095321178436279
500 3.012209892272949
10 0.05980420112609863
100 0.6248869895935059
500 3.0676097869873047
10 0.15570425987243652
100 0.8393669128417969
500 4.10189151763916
10 0.09171414375305176
100 0.7470276355743408
500 3.452908754348755
10 0.060009002685546875
100 0.614330530166626
500 3.2926101684570312
10 0.07908272743225098
100 0.6248903274536133
500 3.232875347137451
10 0.06170177459716797
100 0.6134774684906006
500 3.206695556640625
10 0.06036829948425293
100 0.6074907779693604
500 3.8226656913757324
10 0.06378555297851562
100 0.6216294765472412
500 3.1183838844299316
10 0.06290340423583984
100 0.6583347320556641
500 3.2556405067443848
10 0.02277231216430664
100 0.22545146942138672
500 3.068666934967041
10 0.03058481216430664
100 0.3065159320831299
500 1.5215201377868652
10 0.03045940399169922
100 0.30633068084716797
500 1.5124046802520752
10 0.030255556106567383
100 0.3012208938598633
500 1.5254392623901367
10 0.03240513801574707
100 0.3040201663970947
500 1.5304503440856934
10 0.031430959701538086
100 0.3032982349395752
500 1.5150463581085205
10 0.030699491500854492
100 0.30368804931640625
500 1.5301826000213623
10 0.0892326831817627
100 0.5492994785308838
500 1.514796257019043
10 0.09021329879760742
100 0.7978799343109131
500 1.5142285823822021
10 0.030631303787231445
100 0.3035271167755127
500 1.5455660820007324
10 0.030803203582763672
100 0.3137364387512207
500 1.5282261371612549
10 0.0310821533203125
100 0.3124549388885498
500 1.555523157119751
10 0.03140592575073242
100 0.3190774917602539
500 1.5532443523406982
10 0.031777381896972656
100 0.3060154914855957
500 1.5406734943389893
10 0.031089305877685547
100 0.310835599899292
500 1.5579617023468018
10 0.03089451789855957
100 0.30988502502441406
500 1.53770112991333
10 0.031585693359375
100 0.3097655773162842
500 1.5414071083068848
10 0.031041860580444336
100 0.30955934524536133
500 1.543245553970337
10 0.03154182434082031
100 0.3215656280517578
500 1.5680058002471924
10 0.03200030326843262
100 0.9202103614807129
500 1.5867764949798584
10 0.031069517135620117
100 0.31109118461608887
500 1.561121940612793
10 0.08395838737487793
100 0.3097376823425293
500 1.5525035858154297
10 0.031112194061279297
100 0.3046870231628418
500 1.5479340553283691
10 0.030673742294311523
100 0.3095512390136719
500 1.541731834411621
10 0.03623604774475098
100 0.30875205993652344
500 1.5411970615386963
10 0.03645730018615723
100 0.307528018951416
500 1.5432846546173096
10 0.030791521072387695
100 0.30820274353027344
500 1.546828031539917
10 0.030777931213378906
100 0.3084547519683838
500 1.5366482734680176
10 0.030727148056030273
100 0.3067591190338135
500 1.5414113998413086
10 0.03612184524536133
100 0.31802916526794434
500 1.5753417015075684
10 0.03107762336730957
100 0.3065636157989502
500 1.5967462062835693
10 0.007091522216796875
100 0.05095481872558594
500 0.23995351791381836
10 0.005386829376220703
100 0.04829001426696777
500 0.38478732109069824
10 0.005038022994995117
100 0.06137275695800781
500 0.24777507781982422
10 0.09799647331237793
100 0.9448513984680176
500 4.836881399154663
10 0.10210347175598145
100 0.9833481311798096
500 4.7797064781188965
10 0.09359002113342285
100 0.9306669235229492
500 4.733111619949341
10 0.11725711822509766
100 0.9914438724517822
500 5.112278938293457
10 0.09370708465576172
100 1.0438573360443115
500 4.678284168243408
10 0.09686636924743652
100 1.1248960494995117
500 5.091904163360596
10 0.09630107879638672
100 0.9522147178649902
500 5.458747625350952
10 0.09250855445861816
100 0.9825258255004883
500 5.265255928039551
10 0.15467000007629395
100 0.9318606853485107
500 4.749784708023071
10 0.10138821601867676
100 0.9837329387664795
500 4.94836950302124
10 0.10291504859924316
100 1.0258476734161377
500 4.946338891983032
10 0.09872817993164062
100 1.0532400608062744
500 4.937138557434082
